     1     1    18     6    18     0     0     0     0.0   20.000 -180.000    200.0    993.3
     2     1    18     6    18     0     0     0     0.0   20.000 -178.000    200.0    993.4
     3     1    18     6    18     0     0     0     0.0   22.000 -178.000    200.0    994.0
     1     1    18     6    17    23     0     1    -1.0   19.997 -179.828    200.0    993.3
     2     1    18     6    17    23     0     1    -1.0   19.973 -177.841    200.0    993.4
     3     1    18     6    17    23     0     1    -1.0   21.967 -177.979    200.0    994.0
     1     1    18     6    17    22     0     2    -2.0   19.987 -179.660    200.0    993.4
     2     1    18     6    17    22     0     2    -2.0   19.949 -177.680    199.9    993.5
     3     1    18     6    17    22     0     2    -2.0   21.927 -177.954    200.0    994.0
     1     1    18     6    17    21     0     3    -3.0   19.975 -179.493    200.0    993.5
     2     1    18     6    17    21     0     3    -3.0   19.926 -177.515    199.7    993.6
     3     1    18     6    17    21     0     3    -3.0   21.878 -177.927    200.0    994.0
     1     1    18     6    17    20     0     2    -4.0   19.959 -179.328    201.2    993.3
     2     1    18     6    17    20     0     2    -4.0   19.905 -177.346    199.3    993.5
     3     1    18     6    17    20     0     2    -4.0   21.824 -177.898    200.0    993.9
     1     1    18     6    17    19     0     1    -5.0   19.938 -179.163    205.8    992.7
     2     1    18     6    17    19     0     1    -5.0   19.885 -177.174    198.3    993.4
     3     1    18     6    17    19     0     1    -5.0   21.768 -177.868    200.0    993.7
     1     1    18     6    17    18     0     0    -6.0   19.914 -178.999    215.9    991.5
     2     1    18     6    17    18     0     0    -6.0   19.868 -176.998    196.1    993.4
     3     1    18     6    17    18     0     0    -6.0   21.711 -177.837    200.0    993.5
     1     1    18     6    17    17     0     1    -7.0   19.890 -178.837    228.4    989.1
     2     1    18     6    17    17     0     1    -7.0   19.854 -176.823    194.3    993.6
     3     1    18     6    17    17     0     1    -7.0   21.652 -177.807    200.0    993.3
     1     1    18     6    17    16     0     2    -8.0   19.865 -178.677    238.0    987.8
     2     1    18     6    17    16     0     2    -8.0   19.846 -176.650    194.2    993.5
     3     1    18     6    17    16     0     2    -8.0   21.593 -177.777    200.0    993.1
     1     1    18     6    17    15     0     3    -9.0   19.841 -178.517    247.4    986.7
     2     1    18     6    17    15     0     3    -9.0   19.846 -176.480    195.6    993.2
     3     1    18     6    17    15     0     3    -9.0   21.535 -177.748    200.0    992.9
     1     1    18     6    17    14     0     2   -10.0   19.824 -178.359    257.9    985.8
     2     1    18     6    17    14     0     2   -10.0   19.853 -176.315    196.5    993.3
     3     1    18     6    17    14     0     2   -10.0   21.483 -177.718    199.8    993.1
     1     1    18     6    17    13     0     1   -11.0   19.816 -178.203    269.9    984.7
     2     1    18     6    17    13     0     1   -11.0   19.863 -176.151    195.1    993.7
     3     1    18     6    17    13     0     1   -11.0   21.442 -177.686    199.3    993.4
     1     1    18     6    17    12     0     0   -12.0   19.813 -178.051    284.8    983.4
     2     1    18     6    17    12     0     0   -12.0   19.874 -175.988    191.8    994.3
     3     1    18     6    17    12     0     0   -12.0   21.412 -177.654    198.2    993.8
     1     1    18     6    17    11     0     1   -13.0   19.818 -177.909    302.8    981.3
     2     1    18     6    17    11     0     1   -13.0   19.889 -175.834    188.3    994.8
     3     1    18     6    17    11     0     1   -13.0   21.394 -177.630    197.7    993.9
     1     1    18     6    17    10     0     2   -14.0   19.833 -177.786    322.2    979.2
     2     1    18     6    17    10     0     2   -14.0   19.910 -175.694    186.5    995.1
     3     1    18     6    17    10     0     2   -14.0   21.389 -177.620    198.7    993.8
     1     1    18     6    17     9     0     3   -15.0   19.857 -177.683    342.5    977.2
     2     1    18     6    17     9     0     3   -15.0   19.939 -175.570    185.9    995.2
     3     1    18     6    17     9     0     3   -15.0   21.398 -177.626    201.4    993.5
     1     1    18     6    17     8     0     2   -16.0   19.885 -177.597    360.8    974.6
     2     1    18     6    17     8     0     2   -16.0   19.973 -175.459    185.9    994.8
     3     1    18     6    17     8     0     2   -16.0   21.413 -177.648    204.7    992.5
     1     1    18     6    17     7     0     1   -17.0   19.915 -177.526    372.9    973.0
     2     1    18     6    17     7     0     1   -17.0   20.009 -175.362    185.9    994.4
     3     1    18     6    17     7     0     1   -17.0   21.430 -177.687    207.0    991.9
     1     1    18     6    17     6     0     0   -18.0   19.947 -177.470    378.1    972.1
     2     1    18     6    17     6     0     0   -18.0   20.046 -175.278    185.9    993.9
     3     1    18     6    17     6     0     0   -18.0   21.449 -177.742    208.5    991.3
     1     1    18     6    17     5     0     1   -19.0   19.972 -177.426    382.2    972.3
     2     1    18     6    17     5     0     1   -19.0   20.079 -175.209    188.6    993.9
     3     1    18     6    17     5     0     1   -19.0   21.465 -177.812    210.5    991.2
     1     1    18     6    17     4     0     2   -20.0   19.987 -177.391    391.5    971.2
     2     1    18     6    17     4     0     2   -20.0   20.100 -175.153    196.4    993.1
     3     1    18     6    17     4     0     2   -20.0   21.474 -177.894    214.8    990.6
     1     1    18     6    17     3     0     3   -21.0   19.991 -177.365    405.9    969.4
     2     1    18     6    17     3     0     3   -21.0   20.110 -175.111    209.4    991.5
     3     1    18     6    17     3     0     3   -21.0   21.475 -177.989    221.5    989.7
     1     1    18     6    17     2     0     2   -22.0   19.984 -177.342    420.1    967.2
     2     1    18     6    17     2     0     2   -22.0   20.110 -175.077    222.5    989.3
     3     1    18     6    17     2     0     2   -22.0   21.469 -178.092    226.8    988.6
     1     1    18     6    17     1     0     1   -23.0   19.969 -177.321    428.4    966.3
     2     1    18     6    17     1     0     1   -23.0   20.101 -175.046    230.4    988.5
     3     1    18     6    17     1     0     1   -23.0   21.456 -178.201    226.7    988.7
     1     1    18     6    17     0     0     0   -24.0   19.944 -177.299    430.7    966.1
     2     1    18     6    17     0     0     0   -24.0   20.084 -175.017    233.0    988.3
     3     1    18     6    17     0     0     0   -24.0   21.436 -178.316    222.1    989.5
     1     1    18     6    16    23     0     1   -25.0   19.909 -177.278    433.2    966.6
     2     1    18     6    16    23     0     1   -25.0   20.058 -174.988    236.3    988.7
     3     1    18     6    16    23     0     1   -25.0   21.407 -178.438    219.2    990.6
     1     1    18     6    16    22     0     2   -26.0   19.862 -177.257    442.3    965.6
     2     1    18     6    16    22     0     2   -26.0   20.019 -174.954    246.2    987.5
     3     1    18     6    16    22     0     2   -26.0   21.365 -178.567    223.6    990.1
     1     1    18     6    16    21     0     3   -27.0   19.805 -177.236    458.1    963.8
     2     1    18     6    16    21     0     3   -27.0   19.970 -174.913    262.6    985.6
     3     1    18     6    16    21     0     3   -27.0   21.310 -178.702    235.6    988.6
     1     1    18     6    16    20     0     2   -28.0   19.738 -177.212    474.1    960.9
     2     1    18     6    16    20     0     2   -28.0   19.910 -174.868    278.9    982.7
     3     1    18     6    16    20     0     2   -28.0   21.244 -178.837    249.7    985.9
     1     1    18     6    16    19     0     1   -29.0   19.664 -177.181    483.7    959.5
     2     1    18     6    16    19     0     1   -29.0   19.842 -174.817    289.5    981.3
     3     1    18     6    16    19     0     1   -29.0   21.173 -178.967    259.3    984.4
     1     1    18     6    16    18     0     0   -30.0   19.582 -177.143    487.1    958.9
     2     1    18     6    16    18     0     0   -30.0   19.766 -174.762    295.7    980.4
     3     1    18     6    16    18     0     0   -30.0   21.096 -179.089    262.9    983.6
     1     1    18     6    16    17     0     1   -31.0   19.500 -177.100    488.8    959.1
     2     1    18     6    16    17     0     1   -31.0   19.690 -174.702    300.4    980.1
     3     1    18     6    16    17     0     1   -31.0   21.013 -179.203    263.3    983.8
     1     1    18     6    16    16     0     2   -32.0   19.423 -177.053    494.4    958.5
     2     1    18     6    16    16     0     2   -32.0   19.623 -174.642    305.5    979.5
     3     1    18     6    16    16     0     2   -32.0   20.923 -179.308    264.3    983.6
     1     1    18     6    16    15     0     3   -33.0   19.355 -177.004    505.2    957.3
     2     1    18     6    16    15     0     3   -33.0   19.563 -174.581    311.7    978.8
     3     1    18     6    16    15     0     3   -33.0   20.827 -179.404    265.9    983.2
     1     1    18     6    16    14     0     2   -34.0   19.296 -176.952    521.7    955.7
     2     1    18     6    16    14     0     2   -34.0   19.511 -174.520    318.0    978.2
     3     1    18     6    16    14     0     2   -34.0   20.731 -179.490    267.2    983.2
     1     1    18     6    16    13     0     1   -35.0   19.248 -176.898    543.6    953.7
     2     1    18     6    16    13     0     1   -35.0   19.466 -174.461    322.8    977.9
     3     1    18     6    16    13     0     1   -35.0   20.642 -179.565    266.9    983.5
     1     1    18     6    16    12     0     0   -36.0   19.212 -176.843    570.5    951.1
     2     1    18     6    16    12     0     0   -36.0   19.427 -174.405    324.9    977.9
     3     1    18     6    16    12     0     0   -36.0   20.559 -179.632    264.8    984.1
     1     1    18     6    16    11     0     1   -37.0   19.185 -176.791    600.4    947.9
     2     1    18     6    16    11     0     1   -37.0   19.394 -174.352    326.3    978.0
     3     1    18     6    16    11     0     1   -37.0   20.487 -179.695    262.0    984.5
     1     1    18     6    16    10     0     2   -38.0   19.166 -176.744    630.8    944.8
     2     1    18     6    16    10     0     2   -38.0   19.366 -174.299    328.9    977.7
     3     1    18     6    16    10     0     2   -38.0   20.431 -179.760    259.8    984.8
     1     1    18     6    16     9     0     3   -39.0   19.153 -176.701    660.2    941.3
     2     1    18     6    16     9     0     3   -39.0   19.342 -174.249    332.5    977.3
     3     1    18     6    16     9     0     3   -39.0   20.389 -179.830    258.5    985.0
     1     1    18     6    16     8     0     2   -40.0   19.140 -176.660    683.4    937.8
     2     1    18     6    16     8     0     2   -40.0   19.317 -174.199    335.8    976.5
     3     1    18     6    16     8     0     2   -40.0   20.360 -179.902    257.6    984.8
     1     1    18     6    16     7     0     1   -41.0   19.123 -176.621    696.2    936.0
     2     1    18     6    16     7     0     1   -41.0   19.287 -174.149    337.6    976.0
     3     1    18     6    16     7     0     1   -41.0   20.342 -179.978    256.8    984.6
     1     1    18     6    16     6     0     0   -42.0   19.101 -176.584    698.0    935.5
     2     1    18     6    16     6     0     0   -42.0   19.252 -174.099    338.2    975.6
     3     1    18     6    16     6     0     0   -42.0   20.337  179.943    256.0    984.4
     1     1    18     6    16     5     0     1   -43.0   19.075 -176.545    696.5    936.4
     2     1    18     6    16     5     0     1   -43.0   19.212 -174.046    341.6    975.5
     3     1    18     6    16     5     0     1   -43.0   20.334  179.857    255.3    984.3
     1     1    18     6    16     4     0     2   -44.0   19.044 -176.499    699.9    935.9
     2     1    18     6    16     4     0     2   -44.0   19.170 -173.988    352.7    974.2
     3     1    18     6    16     4     0     2   -44.0   20.326  179.764    254.9    984.2
     1     1    18     6    16     3     0     3   -45.0   19.009 -176.446    709.0    934.7
     2     1    18     6    16     3     0     3   -45.0   19.126 -173.925    372.8    972.1
     3     1    18     6    16     3     0     3   -45.0   20.313  179.666    254.9    984.0
     1     1    18     6    16     2     0     2   -46.0   18.975 -176.386    718.5    933.2
     2     1    18     6    16     2     0     2   -46.0   19.085 -173.854    394.8    969.1
     3     1    18     6    16     2     0     2   -46.0   20.293  179.564    255.3    984.1
     1     1    18     6    16     1     0     1   -47.0   18.946 -176.322    723.5    932.9
     2     1    18     6    16     1     0     1   -47.0   19.048 -173.772    410.6    967.3
     3     1    18     6    16     1     0     1   -47.0   20.268  179.462    255.9    984.2
     1     1    18     6    16     0     0     0   -48.0   18.923 -176.255    725.1    932.9
     2     1    18     6    16     0     0     0   -48.0   19.016 -173.680    420.5    966.3
     3     1    18     6    16     0     0     0   -48.0   20.236  179.360    256.6    984.3
     1     1    18     6    15    23     0     1   -49.0   18.902 -176.188    725.1    933.3
     2     1    18     6    15    23     0     1   -49.0   18.987 -173.583    430.9    966.1
     3     1    18     6    15    23     0     1   -49.0   20.201  179.259    258.0    984.4
     1     1    18     6    15    22     0     2   -50.0   18.884 -176.124    725.1    933.5
     2     1    18     6    15    22     0     2   -50.0   18.962 -173.484    448.8    964.3
     3     1    18     6    15    22     0     2   -50.0   20.168  179.162    260.5    984.3
     1     1    18     6    15    21     0     3   -51.0   18.867 -176.061    725.1    933.7
     2     1    18     6    15    21     0     3   -51.0   18.939 -173.384    473.8    961.7
     3     1    18     6    15    21     0     3   -51.0   20.134  179.066    263.9    984.1
     1     1    18     6    15    20     0     2   -52.0   18.851 -176.002    728.6    933.5
     2     1    18     6    15    20     0     2   -52.0   18.919 -173.285    502.9    957.9
     3     1    18     6    15    20     0     2   -52.0   20.099  178.972    269.4    983.3
     1     1    18     6    15    19     0     1   -53.0   18.840 -175.948    738.5    932.1
     2     1    18     6    15    19     0     1   -53.0   18.902 -173.191    535.3    954.4
     3     1    18     6    15    19     0     1   -53.0   20.063  178.879    278.7    982.0
     1     1    18     6    15    18     0     0   -54.0   18.833 -175.900    753.4    930.1
     2     1    18     6    15    18     0     0   -54.0   18.889 -173.104    574.2    950.3
     3     1    18     6    15    18     0     0   -54.0   20.026  178.787    292.9    980.2
     1     1    18     6    15    17     0     1   -55.0   18.830 -175.861    773.4    928.1
     2     1    18     6    15    17     0     1   -55.0   18.881 -173.025    619.9    945.5
     3     1    18     6    15    17     0     1   -55.0   19.986  178.698    310.2    978.1
     1     1    18     6    15    16     0     2   -56.0   18.828 -175.833    799.2    925.4
     2     1    18     6    15    16     0     2   -56.0   18.877 -172.957    666.3    939.9
     3     1    18     6    15    16     0     2   -56.0   19.943  178.613    327.9    976.2
     1     1    18     6    15    15     0     3   -57.0   18.828 -175.817    831.0    922.1
     2     1    18     6    15    15     0     3   -57.0   18.878 -172.901    708.6    935.0
     3     1    18     6    15    15     0     3   -57.0   19.895  178.533    345.6    974.4
     1     1    18     6    15    14     0     2   -58.0   18.824 -175.809    858.8    918.6
     2     1    18     6    15    14     0     2   -58.0   18.876 -172.851    740.8    931.0
     3     1    18     6    15    14     0     2   -58.0   19.846  178.457    360.3    973.1
     1     1    18     6    15    13     0     1   -59.0   18.813 -175.804    873.5    917.5
     2     1    18     6    15    13     0     1   -59.0   18.866 -172.803    758.5    929.5
     3     1    18     6    15    13     0     1   -59.0   19.796  178.383    369.1    972.6
     1     1    18     6    15    12     0     0   -60.0   18.795 -175.800    875.7    917.6
     2     1    18     6    15    12     0     0   -60.0   18.850 -172.755    763.3    929.2
     3     1    18     6    15    12     0     0   -60.0   19.748  178.312    372.0    972.7
     1     1    18     6    15    11     0     1   -61.0   18.771 -175.794    870.7    918.6
     2     1    18     6    15    11     0     1   -61.0   18.830 -172.705    760.7    930.0
     3     1    18     6    15    11     0     1   -61.0   19.705  178.247    373.6    973.0
     1     1    18     6    15    10     0     2   -62.0   18.743 -175.779    863.6    919.3
     2     1    18     6    15    10     0     2   -62.0   18.807 -172.649    755.4    930.6
     3     1    18     6    15    10     0     2   -62.0   19.671  178.192    378.2    972.6
     1     1    18     6    15     9     0     3   -63.0   18.712 -175.755    855.4    920.1
     2     1    18     6    15     9     0     3   -63.0   18.783 -172.588    748.0    931.5
     3     1    18     6    15     9     0     3   -63.0   19.644  178.144    385.8    971.9
     1     1    18     6    15     8     0     2   -64.0   18.674 -175.726    849.6    920.7
     2     1    18     6    15     8     0     2   -64.0   18.753 -172.526    742.2    932.2
     3     1    18     6    15     8     0     2   -64.0   19.619  178.103    393.4    970.3
     1     1    18     6    15     7     0     1   -65.0   18.626 -175.693    848.8    920.4
     2     1    18     6    15     7     0     1   -65.0   18.714 -172.465    740.7    932.0
     3     1    18     6    15     7     0     1   -65.0   19.592  178.069    398.1    969.4
     1     1    18     6    15     6     0     0   -66.0   18.569 -175.658    852.9    919.7
     2     1    18     6    15     6     0     0   -66.0   18.666 -172.407    742.6    931.4
     3     1    18     6    15     6     0     0   -66.0   19.562  178.041    399.7    968.9
     1     1    18     6    15     5     0     1   -67.0   18.510 -175.615    860.6    918.7
     2     1    18     6    15     5     0     1   -67.0   18.612 -172.345    747.9    930.8
     3     1    18     6    15     5     0     1   -67.0   19.529  178.023    402.0    968.9
     1     1    18     6    15     4     0     2   -68.0   18.451 -175.562    870.2    917.7
     2     1    18     6    15     4     0     2   -68.0   18.554 -172.275    756.7    929.8
     3     1    18     6    15     4     0     2   -68.0   19.495  178.018    408.4    968.0
     1     1    18     6    15     3     0     3   -69.0   18.392 -175.498    880.4    916.6
     2     1    18     6    15     3     0     3   -69.0   18.492 -172.198    768.0    928.5
     3     1    18     6    15     3     0     3   -69.0   19.460  178.025    418.3    966.6
     1     1    18     6    15     2     0     2   -70.0   18.336 -175.425    892.8    915.8
     2     1    18     6    15     2     0     2   -70.0   18.427 -172.113    781.6    927.3
     3     1    18     6    15     2     0     2   -70.0   19.426  178.039    428.4    965.3
     1     1    18     6    15     1     0     1   -71.0   18.283 -175.347    908.9    914.4
     2     1    18     6    15     1     0     1   -71.0   18.361 -172.019    797.2    925.9
     3     1    18     6    15     1     0     1   -71.0   19.397  178.053    436.1    964.6
     1     1    18     6    15     0     0     0   -72.0   18.235 -175.264    928.6    912.8
     2     1    18     6    15     0     0     0   -72.0   18.290 -171.917    814.9    924.4
     3     1    18     6    15     0     0     0   -72.0   19.375  178.067    442.1    964.2
     1     1    18     6    14    23     0     1   -73.0   18.192 -175.177    947.7    910.3
     2     1    18     6    14    23     0     1   -73.0   18.219 -171.807    832.0    922.3
     3     1    18     6    14    23     0     1   -73.0   19.358  178.079    450.8    963.8
     1     1    18     6    14    22     0     2   -74.0   18.155 -175.089    960.9    908.8
     2     1    18     6    14    22     0     2   -74.0   18.152 -171.689    845.2    921.0
     3     1    18     6    14    22     0     2   -74.0   19.347  178.085    467.2    962.0
     1     1    18     6    14    21     0     3   -75.0   18.124 -174.999    965.7    908.2
     2     1    18     6    14    21     0     3   -75.0   18.087 -171.562    854.1    920.1
     3     1    18     6    14    21     0     3   -75.0   19.341  178.085    491.8    959.3
     1     1    18     6    14    20     0     2   -76.0   18.098 -174.909    961.9    908.4
     2     1    18     6    14    20     0     2   -76.0   18.020 -171.427    858.7    919.4
     3     1    18     6    14    20     0     2   -76.0   19.336  178.081    521.0    955.5
     1     1    18     6    14    19     0     1   -77.0   18.072 -174.819    950.3    909.4
     2     1    18     6    14    19     0     1   -77.0   17.951 -171.284    860.0    919.1
     3     1    18     6    14    19     0     1   -77.0   19.328  178.073    550.1    952.1
     1     1    18     6    14    18     0     0   -78.0   18.047 -174.726    930.6    911.3
     2     1    18     6    14    18     0     0   -78.0   17.879 -171.132    859.3    918.9
     3     1    18     6    14    18     0     0   -78.0   19.319  178.063    579.0    948.9
     1     1    18     6    14    17     0     1   -79.0   18.013 -174.627    910.5    913.8
     2     1    18     6    14    17     0     1   -79.0   17.802 -170.972    857.6    918.9
     3     1    18     6    14    17     0     1   -79.0   19.306  178.057    607.1    946.0
     1     1    18     6    14    16     0     2   -80.0   17.962 -174.518    898.1    914.9
     2     1    18     6    14    16     0     2   -80.0   17.722 -170.803    855.7    918.8
     3     1    18     6    14    16     0     2   -80.0   19.286  178.061    634.8    943.2
     1     1    18     6    14    15     0     3   -81.0   17.894 -174.399    894.0    915.0
     2     1    18     6    14    15     0     3   -81.0   17.640 -170.625    853.8    918.7
     3     1    18     6    14    15     0     3   -81.0   19.259  178.077    662.3    939.9
     1     1    18     6    14    14     0     2   -82.0   17.816 -174.267    894.8    914.8
     2     1    18     6    14    14     0     2   -82.0   17.558 -170.434    851.6    919.0
     3     1    18     6    14    14     0     2   -82.0   19.227  178.102    685.5    936.9
     1     1    18     6    14    13     0     1   -83.0   17.734 -174.120    898.5    914.7
     2     1    18     6    14    13     0     1   -83.0   17.476 -170.230    849.3    919.5
     3     1    18     6    14    13     0     1   -83.0   19.193  178.135    699.8    935.3
     1     1    18     6    14    12     0     0   -84.0   17.649 -173.961    908.0    914.1
     2     1    18     6    14    12     0     0   -84.0   17.393 -170.010    848.3    919.8
     3     1    18     6    14    12     0     0   -84.0   19.158  178.179    704.7    934.9
     1     1    18     6    14    11     0     1   -85.0   17.570 -173.792    920.5    912.6
     2     1    18     6    14    11     0     1   -85.0   17.318 -169.779    847.6    919.9
     3     1    18     6    14    11     0     1   -85.0   19.126  178.231    704.7    935.3
     1     1    18     6    14    10     0     2   -86.0   17.505 -173.615    930.6    911.6
     2     1    18     6    14    10     0     2   -86.0   17.259 -169.541    846.0    920.3
     3     1    18     6    14    10     0     2   -86.0   19.103  178.288    704.7    935.2
     1     1    18     6    14     9     0     3   -87.0   17.451 -173.432    936.7    911.0
     2     1    18     6    14     9     0     3   -87.0   17.212 -169.293    845.2    920.7
     3     1    18     6    14     9     0     3   -87.0   19.090  178.350    704.7    935.1
     1     1    18     6    14     8     0     2   -88.0   17.406 -173.244    939.9    910.6
     2     1    18     6    14     8     0     2   -88.0   17.173 -169.039    845.2    920.4
     3     1    18     6    14     8     0     2   -88.0   19.084  178.410    704.7    934.9
     1     1    18     6    14     7     0     1   -89.0   17.368 -173.056    941.4    910.2
     2     1    18     6    14     7     0     1   -89.0   17.138 -168.783    844.6    920.2
     3     1    18     6    14     7     0     1   -89.0   19.084  178.466    704.7    934.7
     1     1    18     6    14     6     0     0   -90.0   17.337 -172.868    941.7    910.0
     2     1    18     6    14     6     0     0   -90.0   17.109 -168.526    844.1    920.1
     3     1    18     6    14     6     0     0   -90.0   19.089  178.517    704.7    934.5
     1     1    18     6    14     5     0     1   -91.0   17.305 -172.679    943.5    909.9
     2     1    18     6    14     5     0     1   -91.0   17.081 -168.264    848.4    919.8
     3     1    18     6    14     5     0     1   -91.0   19.097  178.563    706.6    934.4
     1     1    18     6    14     4     0     2   -92.0   17.266 -172.486    948.3    909.1
     2     1    18     6    14     4     0     2   -92.0   17.049 -167.996    864.3    918.3
     3     1    18     6    14     4     0     2   -92.0   19.104  178.605    712.8    933.6
     1     1    18     6    14     3     0     3   -93.0   17.223 -172.289    955.1    908.1
     2     1    18     6    14     3     0     3   -93.0   17.011 -167.722    893.1    915.1
     3     1    18     6    14     3     0     3   -93.0   19.110  178.641    724.1    932.3
     1     1    18     6    14     2     0     2   -94.0   17.174 -172.085    966.2    907.3
     2     1    18     6    14     2     0     2   -94.0   16.968 -167.446    927.9    911.3
     3     1    18     6    14     2     0     2   -94.0   19.111  178.672    738.3    930.7
     1     1    18     6    14     1     0     1   -95.0   17.120 -171.874    984.1    905.5
     2     1    18     6    14     1     0     1   -95.0   16.921 -167.170    962.7    907.7
     3     1    18     6    14     1     0     1   -95.0   19.105  178.699    752.2    929.4
     1     1    18     6    14     0     0     0   -96.0   17.061 -171.656   1006.6    903.0
     2     1    18     6    14     0     0     0   -96.0   16.875 -166.894    996.3    904.1
     3     1    18     6    14     0     0     0   -96.0   19.092  178.723    764.2    928.4
     1     1    18     6    13    23     0     1   -97.0   17.001 -171.429   1025.8    900.4
     2     1    18     6    13    23     0     1   -97.0   16.833 -166.614   1024.2    900.9
     3     1    18     6    13    23     0     1   -97.0   19.070  178.743    773.0    927.4
     1     1    18     6    13    22     0     2   -98.0   16.947 -171.196   1037.1    899.6
     2     1    18     6    13    22     0     2   -98.0   16.799 -166.328   1042.2    899.0
     3     1    18     6    13    22     0     2   -98.0   19.040  178.758    778.4    927.0
     1     1    18     6    13    21     0     3   -99.0   16.900 -170.957   1045.2    899.2
     2     1    18     6    13    21     0     3   -99.0   16.771 -166.033   1046.8    898.5
     3     1    18     6    13    21     0     3   -99.0   19.001  178.769    782.0    926.8
     1     1    18     6    13    20     0     2  -100.0   16.858 -170.716   1059.6    898.2
     2     1    18     6    13    20     0     2  -100.0   16.748 -165.731   1043.5    899.5
     3     1    18     6    13    20     0     2  -100.0   18.957  178.782    785.9    926.2
     1     1    18     6    13    19     0     1  -101.0   16.819 -170.477   1085.3    895.1
     2     1    18     6    13    19     0     1  -101.0   16.731 -165.429   1039.3    899.7
     3     1    18     6    13    19     0     1  -101.0   18.913  178.802    789.8    925.5
     1     1    18     6    13    18     0     0  -102.0   16.784 -170.239   1118.3    891.2
     2     1    18     6    13    18     0     0  -102.0   16.720 -165.122   1031.8    900.1
     3     1    18     6    13    18     0     0  -102.0   18.866  178.831    793.5    924.9
     1     1    18     6    13    17     0     1  -103.0   16.754 -169.998   1153.6    887.1
     2     1    18     6    13    17     0     1  -103.0   16.714 -164.813   1022.6    901.3
     3     1    18     6    13    17     0     1  -103.0   18.817  178.872    796.0    924.4
     1     1    18     6    13    16     0     2  -104.0   16.727 -169.755   1187.3    883.4
     2     1    18     6    13    16     0     2  -104.0   16.711 -164.502   1015.3    901.8
     3     1    18     6    13    16     0     2  -104.0   18.764  178.929    796.8    924.1
     1     1    18     6    13    15     0     3  -105.0   16.700 -169.509   1216.2    880.1
     2     1    18     6    13    15     0     3  -105.0   16.712 -164.190   1006.9    902.2
     3     1    18     6    13    15     0     3  -105.0   18.708  179.001    796.9    924.0
     1     1    18     6    13    14     0     2  -106.0   16.671 -169.259   1236.2    878.1
     2     1    18     6    13    14     0     2  -106.0   16.715 -163.873    995.0    903.7
     3     1    18     6    13    14     0     2  -106.0   18.655  179.088    798.8    924.3
     1     1    18     6    13    13     0     1  -107.0   16.642 -169.005   1246.3    877.4
     2     1    18     6    13    13     0     1  -107.0   16.719 -163.551    978.9    905.4
     3     1    18     6    13    13     0     1  -107.0   18.610  179.187    803.4    923.9
     1     1    18     6    13    12     0     0  -108.0   16.618 -168.747   1249.0    877.5
     2     1    18     6    13    12     0     0  -108.0   16.725 -163.222    954.7    908.0
     3     1    18     6    13    12     0     0  -108.0   18.572  179.298    809.0    923.5
     1     1    18     6    13    11     0     1  -109.0   16.599 -168.487   1251.6    878.0
     2     1    18     6    13    11     0     1  -109.0   16.738 -162.886    929.8    912.1
     3     1    18     6    13    11     0     1  -109.0   18.540  179.414    813.5    923.0
     1     1    18     6    13    10     0     2  -110.0   16.588 -168.225   1258.6    877.5
     2     1    18     6    13    10     0     2  -110.0   16.759 -162.547    915.0    913.9
     3     1    18     6    13    10     0     2  -110.0   18.516  179.529    817.1    922.8
     1     1    18     6    13     9     0     3  -111.0   16.586 -167.961   1267.8    876.8
     2     1    18     6    13     9     0     3  -111.0   16.789 -162.202    904.3    914.7
     3     1    18     6    13     9     0     3  -111.0   18.499  179.643    821.9    922.4
     1     1    18     6    13     8     0     2  -112.0   16.588 -167.694   1276.5    875.4
     2     1    18     6    13     8     0     2  -112.0   16.832 -161.854    892.8    915.7
     3     1    18     6    13     8     0     2  -112.0   18.486  179.756    827.0    921.4
     1     1    18     6    13     7     0     1  -113.0   16.594 -167.427   1283.7    874.5
     2     1    18     6    13     7     0     1  -113.0   16.889 -161.510    878.6    916.5
     3     1    18     6    13     7     0     1  -113.0   18.474  179.864    830.4    920.7
     1     1    18     6    13     6     0     0  -114.0   16.604 -167.158   1291.0    873.6
     2     1    18     6    13     6     0     0  -114.0   16.962 -161.167    850.6    918.4
     3     1    18     6    13     6     0     0  -114.0   18.465  179.970    831.6    920.3
     1     1    18     6    13     5     0     1  -115.0   16.617 -166.891   1304.2    872.6
     2     1    18     6    13     5     0     1  -115.0   17.042 -160.832    812.9    923.3
     3     1    18     6    13     5     0     1  -115.0   18.450 -179.925    831.7    920.4
     1     1    18     6    13     4     0     2  -116.0   16.632 -166.632   1326.4    869.9
     2     1    18     6    13     4     0     2  -116.0   17.117 -160.516    776.9    926.7
     3     1    18     6    13     4     0     2  -116.0   18.422 -179.820    832.4    920.2
     1     1    18     6    13     3     0     3  -117.0   16.647 -166.380   1354.8    866.6
     2     1    18     6    13     3     0     3  -117.0   17.185 -160.216    735.8    930.3
     3     1    18     6    13     3     0     3  -117.0   18.381 -179.715    834.7    920.0
     1     1    18     6    13     2     0     2  -118.0   16.661 -166.131   1382.9    863.2
     2     1    18     6    13     2     0     2  -118.0   17.248 -159.922    693.3    936.1
     3     1    18     6    13     2     0     2  -118.0   18.329 -179.609    838.0    919.8
     1     1    18     6    13     1     0     1  -119.0   16.672 -165.882   1406.2    861.0
     2     1    18     6    13     1     0     1  -119.0   17.308 -159.623    658.9    940.2
     3     1    18     6    13     1     0     1  -119.0   18.270 -179.500    840.8    919.7
     1     1    18     6    13     0     0     0  -120.0   16.680 -165.633   1424.2    859.2
     2     1    18     6    13     0     0     0  -120.0   17.363 -159.316    627.3    943.1
     3     1    18     6    13     0     0     0  -120.0   18.202 -179.388    841.9    919.8
     1     1    18     6    12    23     0     1  -121.0   16.684 -165.379   1437.3    858.0
     2     1    18     6    12    23     0     1  -121.0   17.413 -158.997    596.5    946.8
     3     1    18     6    12    23     0     1  -121.0   18.128 -179.271    843.3    920.1
     1     1    18     6    12    22     0     2  -122.0   16.681 -165.113   1447.1    857.2
     2     1    18     6    12    22     0     2  -122.0   17.460 -158.670    572.6    949.8
     3     1    18     6    12    22     0     2  -122.0   18.048 -179.149    846.7    919.8
     1     1    18     6    12    21     0     3  -123.0   16.672 -164.836   1456.7    856.5
     2     1    18     6    12    21     0     3  -123.0   17.505 -158.332    555.2    951.6
     3     1    18     6    12    21     0     3  -123.0   17.963 -179.019    850.6    919.5
     1     1    18     6    12    20     0     2  -124.0   16.660 -164.551   1470.0    855.1
     2     1    18     6    12    20     0     2  -124.0   17.555 -157.983    543.8    952.9
     3     1    18     6    12    20     0     2  -124.0   17.874 -178.880    857.2    918.8
     1     1    18     6    12    19     0     1  -125.0   16.650 -164.261   1487.7    853.0
     2     1    18     6    12    19     0     1  -125.0   17.615 -157.629    540.5    953.1
     3     1    18     6    12    19     0     1  -125.0   17.785 -178.733    868.1    917.4
     1     1    18     6    12    18     0     0  -126.0   16.642 -163.967   1508.6    850.6
     2     1    18     6    12    18     0     0  -126.0   17.688 -157.268    542.5    952.7
     3     1    18     6    12    18     0     0  -126.0   17.692 -178.576    881.8    915.7
     1     1    18     6    12    17     0     1  -127.0   16.639 -163.673   1531.1    848.1
     2     1    18     6    12    17     0     1  -127.0   17.772 -156.901    550.9    952.0
     3     1    18     6    12    17     0     1  -127.0   17.594 -178.404    895.6    913.9
     1     1    18     6    12    16     0     2  -128.0   16.646 -163.381   1553.3    845.7
     2     1    18     6    12    16     0     2  -128.0   17.861 -156.537    572.4    950.0
     3     1    18     6    12    16     0     2  -128.0   17.495 -178.212    907.9    912.4
     1     1    18     6    12    15     0     3  -129.0   16.664 -163.092   1574.0    843.4
     2     1    18     6    12    15     0     3  -129.0   17.962 -156.181    610.2    945.9
     3     1    18     6    12    15     0     3  -129.0   17.396 -178.002    919.7    911.0
     1     1    18     6    12    14     0     2  -130.0   16.687 -162.805   1593.4    841.9
     2     1    18     6    12    14     0     2  -130.0   18.076 -155.838    650.3    940.2
     3     1    18     6    12    14     0     2  -130.0   17.302 -177.772    929.8    910.1
     1     1    18     6    12    13     0     1  -131.0   16.709 -162.517   1612.0    840.4
     2     1    18     6    12    13     0     1  -131.0   18.195 -155.515    672.9    937.0
     3     1    18     6    12    13     0     1  -131.0   17.214 -177.521    935.3    909.7
     1     1    18     6    12    12     0     0  -132.0   16.730 -162.229   1630.3    838.9
     2     1    18     6    12    12     0     0  -132.0   18.322 -155.203    678.1    936.7
     3     1    18     6    12    12     0     0  -132.0   17.131 -177.251    935.2    910.0
     1     1    18     6    12    11     0     1  -133.0   16.761 -161.938   1645.8    837.4
     2     1    18     6    12    11     0     1  -133.0   18.457 -154.889    666.1    937.8
     3     1    18     6    12    11     0     1  -133.0   17.056 -176.969    932.2    910.6
     1     1    18     6    12    10     0     2  -134.0   16.811 -161.646   1655.6    836.7
     2     1    18     6    12    10     0     2  -134.0   18.592 -154.567    642.1    942.3
     3     1    18     6    12    10     0     2  -134.0   16.996 -176.681    928.6    911.0
     1     1    18     6    12     9     0     3  -135.0   16.877 -161.349   1660.0    836.6
     2     1    18     6    12     9     0     3  -135.0   18.717 -154.233    623.2    946.2
     3     1    18     6    12     9     0     3  -135.0   16.951 -176.388    924.5    911.6
     1     1    18     6    12     8     0     2  -136.0   16.953 -161.054   1661.9    836.7
     2     1    18     6    12     8     0     2  -136.0   18.830 -153.889    616.1    947.1
     3     1    18     6    12     8     0     2  -136.0   16.923 -176.095    922.0    911.9
     1     1    18     6    12     7     0     1  -137.0   17.040 -160.768   1663.7    836.4
     2     1    18     6    12     7     0     1  -137.0   18.938 -153.537    618.7    946.5
     3     1    18     6    12     7     0     1  -137.0   16.911 -175.809    921.2    911.8
     1     1    18     6    12     6     0     0  -138.0   17.137 -160.491   1665.1    836.3
     2     1    18     6    12     6     0     0  -138.0   19.051 -153.177    637.9    945.3
     3     1    18     6    12     6     0     0  -138.0   16.919 -175.529    920.8    911.8
     1     1    18     6    12     5     0     1  -139.0   17.240 -160.224   1666.4    835.9
     2     1    18     6    12     5     0     1  -139.0   19.163 -152.821    662.1    939.9
     3     1    18     6    12     5     0     1  -139.0   16.938 -175.260    920.5    911.8
     1     1    18     6    12     4     0     2  -140.0   17.349 -159.964   1667.2    835.6
     2     1    18     6    12     4     0     2  -140.0   19.269 -152.479    675.4    938.7
     3     1    18     6    12     4     0     2  -140.0   16.960 -175.005    920.3    911.8
     1     1    18     6    12     3     0     3  -141.0   17.466 -159.707   1665.8    835.4
     2     1    18     6    12     3     0     3  -141.0   19.370 -152.149    692.2    937.6
     3     1    18     6    12     3     0     3  -141.0   16.984 -174.762    917.5    911.8
     1     1    18     6    12     2     0     2  -142.0   17.594 -159.452   1660.3    836.0
     2     1    18     6    12     2     0     2  -142.0   19.466 -151.824    709.8    934.3
     3     1    18     6    12     2     0     2  -142.0   17.006 -174.527    911.3    912.9
     1     1    18     6    12     1     0     1  -143.0   17.735 -159.199   1652.3    837.0
     2     1    18     6    12     1     0     1  -143.0   19.560 -151.493    716.1    933.7
     3     1    18     6    12     1     0     1  -143.0   17.024 -174.297    905.1    914.0
     1     1    18     6    12     0     0     0  -144.0   17.890 -158.949   1647.1    837.9
     2     1    18     6    12     0     0     0  -144.0   19.654 -151.158    718.6    934.4
     3     1    18     6    12     0     0     0  -144.0   17.041 -174.073    902.4    914.7
     1     1    18     6    11    23     0     1  -145.0   18.046 -158.718   1645.6    838.0
     2     1    18     6    11    23     0     1  -145.0   19.745 -150.817    721.4    933.9
     3     1    18     6    11    23     0     1  -145.0   17.050 -173.853    902.1    914.6
     1     1    18     6    11    22     0     2  -146.0   18.190 -158.521   1644.8    838.2
     2     1    18     6    11    22     0     2  -146.0   19.833 -150.468    716.8    934.3
     3     1    18     6    11    22     0     2  -146.0   17.049 -173.633    902.4    914.7
     1     1    18     6    11    21     0     3  -147.0   18.320 -158.355   1645.4    838.5
     2     1    18     6    11    21     0     3  -147.0   19.924 -150.107    697.5    936.4
     3     1    18     6    11    21     0     3  -147.0   17.036 -173.414    905.2    914.6
     1     1    18     6    11    20     0     2  -148.0   18.438 -158.213   1652.1    838.4
     2     1    18     6    11    20     0     2  -148.0   20.022 -149.739    668.0    940.8
     3     1    18     6    11    20     0     2  -148.0   17.016 -173.194    909.2    913.9
     1     1    18     6    11    19     0     1  -149.0   18.547 -158.094   1666.6    836.9
     2     1    18     6    11    19     0     1  -149.0   20.127 -149.369    638.0    944.6
     3     1    18     6    11    19     0     1  -149.0   16.991 -172.969    911.4    913.6
     1     1    18     6    11    18     0     0  -150.0   18.647 -157.993   1684.7    835.2
     2     1    18     6    11    18     0     0  -150.0   20.242 -148.998    607.9    947.7
     3     1    18     6    11    18     0     0  -150.0   16.960 -172.740    911.7    913.5
     1     1    18     6    11    17     0     1  -151.0   18.736 -157.900   1694.0    833.1
     2     1    18     6    11    17     0     1  -151.0   20.360 -148.629    581.3    950.6
     3     1    18     6    11    17     0     1  -151.0   16.923 -172.502    910.9    913.4
     1     1    18     6    11    16     0     2  -152.0   18.810 -157.806   1682.2    833.9
     2     1    18     6    11    16     0     2  -152.0   20.474 -148.265    559.4    952.4
     3     1    18     6    11    16     0     2  -152.0   16.884 -172.252    909.6    913.4
     1     1    18     6    11    15     0     3  -153.0   18.869 -157.719   1646.3    837.0
     2     1    18     6    11    15     0     3  -153.0   20.585 -147.909    540.2    954.3
     3     1    18     6    11    15     0     3  -153.0   16.843 -171.992    908.9    913.4
     1     1    18     6    11    14     0     2  -154.0   18.920 -157.638   1585.1    843.2
     2     1    18     6    11    14     0     2  -154.0   20.695 -147.556    526.4    956.2
     3     1    18     6    11    14     0     2  -154.0   16.802 -171.721    908.1    913.7
     1     1    18     6    11    13     0     1  -155.0   18.967 -157.563   1497.3    851.9
     2     1    18     6    11    13     0     1  -155.0   20.805 -147.200    518.5    957.1
     3     1    18     6    11    13     0     1  -155.0   16.761 -171.440    907.8    914.3
     1     1    18     6    11    12     0     0  -156.0   19.013 -157.498   1381.6    863.9
     2     1    18     6    11    12     0     0  -156.0   20.916 -146.842    513.8    957.5
     3     1    18     6    11    12     0     0  -156.0   16.718 -171.148    912.5    914.5
     1     1    18     6    11    11     0     1  -157.0   19.056 -157.435   1254.7    879.0
     2     1    18     6    11    11     0     1  -157.0   21.028 -146.475    509.0    958.3
     3     1    18     6    11    11     0     1  -157.0   16.679 -170.852    916.8    913.5
     1     1    18     6    11    10     0     2  -158.0   19.094 -157.364   1136.0    891.2
     2     1    18     6    11    10     0     2  -158.0   21.142 -146.097    505.0    959.4
     3     1    18     6    11    10     0     2  -158.0   16.647 -170.555    908.8    914.2
     1     1    18     6    11     9     0     3  -159.0   19.125 -157.285   1026.3    903.2
     2     1    18     6    11     9     0     3  -159.0   21.257 -145.713    506.1    959.9
     3     1    18     6    11     9     0     3  -159.0   16.622 -170.254    884.0    916.8
     1     1    18     6    11     8     0     2  -160.0   19.155 -157.204    924.9    914.2
     2     1    18     6    11     8     0     2  -160.0   21.377 -145.325    511.6    959.0
     3     1    18     6    11     8     0     2  -160.0   16.607 -169.949    854.9    921.0
     1     1    18     6    11     7     0     1  -161.0   19.186 -157.111    836.0    923.7
     2     1    18     6    11     7     0     1  -161.0   21.504 -144.934    516.0    958.4
     3     1    18     6    11     7     0     1  -161.0   16.606 -169.646    832.2    923.1
     1     1    18     6    11     6     0     0  -162.0   19.220 -157.003    763.9    931.2
     2     1    18     6    11     6     0     0  -162.0   21.638 -144.540    517.4    958.5
     3     1    18     6    11     6     0     0  -162.0   16.617 -169.341    804.1    924.9
     1     1    18     6    11     5     0     1  -163.0   19.257 -156.872    700.7    937.4
     2     1    18     6    11     5     0     1  -163.0   21.780 -144.148    517.9    958.5
     3     1    18     6    11     5     0     1  -163.0   16.634 -169.036    762.5    929.3
     1     1    18     6    11     4     0     2  -164.0   19.291 -156.709    639.4    944.5
     2     1    18     6    11     4     0     2  -164.0   21.926 -143.764    517.9    958.2
     3     1    18     6    11     4     0     2  -164.0   16.650 -168.733    722.7    934.8
     1     1    18     6    11     3     0     3  -165.0   19.325 -156.522    580.3    950.6
     2     1    18     6    11     3     0     3  -165.0   22.076 -143.390    514.8    958.2
     3     1    18     6    11     3     0     3  -165.0   16.664 -168.430    693.5    937.4
     1     1    18     6    11     2     0     2  -166.0   19.362 -156.321    522.7    956.9
     2     1    18     6    11     2     0     2  -166.0   22.227 -143.023    509.5    959.3
     3     1    18     6    11     2     0     2  -166.0   16.671 -168.122    670.3    940.1
     1     1    18     6    11     1     0     1  -167.0   19.396 -156.122    464.3    964.0
     2     1    18     6    11     1     0     1  -167.0   22.376 -142.662    505.7    960.0
     3     1    18     6    11     1     0     1  -167.0   16.671 -167.807    651.6    942.6
     1     1    18     6    11     0     0     0  -168.0   19.423 -155.935    406.5    971.5
     2     1    18     6    11     0     0     0  -168.0   22.521 -142.309    505.1    960.4
     3     1    18     6    11     0     0     0  -168.0   16.668 -167.486    638.9    944.6
